novo.json
{"header": {"discipline": 0, "disciplineName": "Meteorological products", "gribEdition": 2, "gribLength": 76936, "center": 7, "centerName": "US National Weather Service - NCEP(WMC)", "subcenter": 0, "refTime": "2016-04-30T06:00:00.000Z", "significanceOfRT": 1, "significanceOfRTName": "Start of forecast", "productStatus": 0, "productStatusName": "Operational products", "productType": 1, "productTypeName": "Forecast products", "productDefinitionTemplate": 0, "productDefinitionTemplateName": "Analysis/forecast at horizontal level/layer at a point in time", "parameterCategory": 2, "parameterCategoryName": "Momentum", "parameterNumber": 3, "parameterNumberName": "V-component_of_wind", "parameterUnit": "m.s-1", "genProcessType": 2, "genProcessTypeName": "Forecast", "forecastTime": 0, "surface1Type": 103, "surface1TypeName": "Specified height level above ground", "surface1Value": 10.0, "surface2Type": 255, "surface2TypeName": "Missing", "surface2Value": 0.0, "gridDefinitionTemplate": 0, "gridDefinitionTemplateName": "Latitude_Longitude", "numberPoints": 65160, "shape": 6, "shapeName": "Earth spherical with radius of 6,371,229.0 m", "gridUnits": "degrees", "resolution": 48, "winds": "true", "scanMode": 0, "nx": 360, "ny": 181, "basicAngle": 0, "subDivisions": 0, "lo1": 0.0, "la1": 90.0, "lo2": 359.0, "la2": -90.0, "dx": 1.0, "dy": 1.0}, "data":
[rows 0 to 36 of 181, columns 82 to 163 of 360]
-4.69,-4.68,-4.66,-4.65,-4.63,-4.61,-4.59,-4.57,-4.54,-4.52,-4.49,-4.47,-4.44,-4.41,-4.38,-4.34,-4.31,-4.27,-4.24,-4.2,-4.16,-4.12,-4.08,-4.04,-3.99,-3.95,-3.9,-3.85,-3.8,-3.75,-3.7,-3.65,-3.6,-3.54,-3.49,-3.43,-3.37,-3.31,-3.25,-3.19,-3.13,-3.07,-3.0,-2.94,-2.87,-2.81,-2.74,-2.67,-2.6,-2.53,-2.46,-2.39,-2.32,-2.25,-2.17,-2.1,-2.03,-1.95,-1.87,-1.8,-1.72,-1.64,-1.57,-1.49,-1.41,-1.33,-1.25,-1.17,-1.09,-1.01,-0.93,-0.85,-0.76,-0.68,-0.6,-0.52,-0.44,-0.35,-0.27,-0.19,-0.11,-0.02
-4.94,-4.94,-4.94,-4.94,-4.94,-4.93,-4.93,-4.93,-4.93,-4.91,-4.89,-4.88,-4.86,-4.85,-4.82,-4.8,-4.77,-4.75,-4.71,-4.68,-4.64,-4.61,-4.57,-4.52,-4.48,-4.43,-4.38,-4.33,-4.28,-4.22,-4.16,-4.1,-4.04,-3.97,-3.91,-3.85,-3.77,-3.7,-3.62,-3.55,-3.47,-3.39,-3.3,-3.23,-3.14,-3.05,-2.96,-2.87,-2.79,-2.7,-2.61,-2.51,-2.42,-2.33,-2.23,-2.14,-2.04,-1.95,-1.85,-1.75,-1.65,-1.56,-1.46,-1.36,-1.26,-1.16,-1.06,-0.96,-0.86,-0.76,-0.66,-0.55,-0.46,-0.35,-0.25,-0.15,-0.05,0.05,0.15,0.25,0.35,0.45
-4.75,-4.75,-4.76,-4.77,-4.77,-4.77,-4.77,-4.76,-4.76,-4.75,-4.74,-4.72,-4.7,-4.68,-4.66,-4.64,-4.62,-4.59,-4.57,-4.54,-4.52,-4.49,-4.45,-4.41,-4.36,-4.33,-4.29,-4.23,-4.17,-4.11,-4.04,-3.98,-3.89,-3.81,-3.73,-3.63,-3.54,-3.42,-3.3,-3.19,-3.1,-3.0,-2.89,-2.77,-2.66,-2.56,-2.46,-2.36,-2.25,-2.14,-2.03,-1.92,-1.8,-1.7,-1.59,-1.48,-1.36,-1.24,-1.12,-0.99,-0.87,-0.76,-0.64,-0.51,-0.39,-0.26,-0.13,0.0,0.13,0.25,0.37,0.5,0.63,0.76,0.87,0.99,1.1,1.21,1.32,1.43,1.55,1.66
-4.79,-4.76,-4.74,-4.74,-4.73,-4.72,-4.71,-4.68,-4.66,-4.65,-4.65,-4.64,-4.61,-4.58,-4.56,-4.54,-4.52,-4.5,-4.46,-4.41,-4.36,-4.35,-4.32,-4.27,-4.22,-4.17,-4.12,-4.06,-4.0,-3.95,-3.87,-3.8,-3.73,-3.65,-3.57,-3.47,-3.37,-3.27,-3.18,-3.07,-2.97,-2.87,-2.76,-2.64,-2.52,-2.4,-2.29,-2.18,-2.06,-1.94,-1.82,-1.7,-1.61,-1.5,-1.41,-1.34,-1.27,-1.21,-1.17,-1.15,-1.12,-1.09,-1.07,-1.05,-1.01,-0.96,-0.88,-0.8,-0.67,-0.54,-0.35,-0.17,0.05,0.27,0.49,0.73,0.96,1.16,1.35,1.51,1.66,1.78
-4.83,-4.78,-4.74,-4.71,-4.68,-4.66,-4.65,-4.64,-4.63,-4.61,-4.6,-4.59,-4.56,-4.54,-4.52,-4.49,-4.45,-4.41,-4.37,-4.32,-4.26,-4.19,-4.1,-3.99,-3.92,-3.84,-3.75,-3.66,-3.57,-3.49,-3.41,-3.33,-3.28,-3.19,-3.11,-3.04,-2.96,-2.89,-2.82,-2.74,-2.65,-2.56,-2.49,-2.41,-2.33,-2.26,-2.17,-2.1,-2.03,-1.95,-1.86,-1.76,-1.66,-1.54,-1.42,-1.29,-1.15,-1.01,-0.86,-0.71,-0.57,-0.43,-0.29,-0.14,0.01,0.18,0.37,0.57,0.78,1.0,1.22,1.44,1.66,1.86,2.04,2.22,2.37,2.51,2.62,2.72,2.8,2.89
-4.99,-5.0,-4.98,-4.94,-4.9,-4.86,-4.83,-4.81,-4.8,-4.76,-4.72,-4.64,-4.57,-4.49,-4.42,-4.31,-4.21,-4.14,-4.07,-3.99,-3.91,-3.86,-3.81,-3.78,-3.78,-3.77,-3.76,-3.73,-3.73,-3.69,-3.63,-3.55,-3.44,-3.28,-3.09,-2.86,-2.6,-2.29,-1.94,-1.56,-1.16,-0.73,-0.28,0.16,0.58,0.95,1.28,1.56,1.78,1.95,2.1,2.2,2.28,2.31,2.32,2.34,2.34,2.31,2.3,2.27,2.24,2.21,2.2,2.21,2.19,2.25,2.27,2.3,2.33,2.34,2.36,2.37,2.39,2.43,2.51,2.59,2.67,2.78,2.84,2.91,2.97,3.0
-4.93,-4.89,-4.9,-4.89,-4.9,-4.91,-4.92,-4.93,-4.88,-4.81,-4.75,-4.69,-4.65,-4.62,-4.6,-4.59,-4.59,-4.54,-4.44,-4.29,-4.12,-3.88,-3.61,-3.34,-3.05,-2.73,-2.45,-2.16,-1.9,-1.69,-1.48,-1.33,-1.21,-1.11,-1.03,-0.93,-0.83,-0.72,-0.61,-0.49,-0.37,-0.25,-0.13,0.0,0.12,0.24,0.36,0.48,0.59,0.69,0.79,0.87,0.95,1.02,1.09,1.15,1.22,1.27,1.34,1.4,1.42,1.43,1.46,1.53,1.59,1.66,1.72,1.78,1.85,1.91,1.98,2.06,2.14,2.23,2.32,2.41,2.48,2.54,2.6,2.64,2.66,2.68
-5.29,-5.29,-5.27,-5.25,-5.21,-5.17,-5.13,-5.15,-5.19,-5.22,-5.29,-5.31,-5.32,-5.28,-5.07,-4.83,-4.5,-4.16,-3.82,-3.5,-3.22,-3.02,-2.83,-2.67,-2.49,-2.31,-2.13,-1.97,-1.81,-1.69,-1.56,-1.46,-1.37,-1.31,-1.26,-1.21,-1.15,-1.09,-1.01,-0.9,-0.79,-0.66,-0.55,-0.44,-0.36,-0.28,-0.24,-0.19,-0.15,-0.1,-0.05,0.02,0.07,0.13,0.19,0.26,0.31,0.36,0.41,0.48,0.58,0.71,0.85,1.0,1.15,1.3,1.44,1.56,1.68,1.8,1.9,2.0,2.09,2.19,2.27,2.36,2.43,2.5,2.56,2.62,2.67,2.7
-5.92,-5.84,-5.77,-5.72,-5.74,-5.8,-5.88,-5.94,-6.0,-6.02,-5.95,-5.75,-5.35,-4.89,-4.36,-3.83,-3.4,-3.09,-2.97,-2.99,-3.03,-3.04,-2.98,-2.86,-2.74,-2.62,-2.53,-2.46,-2.41,-2.35,-2.27,-2.15,-1.96,-1.76,-1.55,-1.34,-1.16,-1.01,-0.9,-0.85,-0.83,-0.85,-0.87,-0.87,-0.85,-0.81,-0.76,-0.71,-0.65,-0.59,-0.52,-0.43,-0.34,-0.24,-0.16,-0.09,-0.01,0.09,0.21,0.33,0.46,0.55,0.62,0.72,0.83,0.97,1.13,1.3,1.46,1.6,1.76,1.91,2.06,2.2,2.34,2.47,2.58,2.68,2.76,2.83,2.87,2.91
-6.77,-6.71,-6.67,-6.73,-6.8,-6.85,-6.79,-6.57,-6.26,-5.86,-5.42,-4.69,-3.78,-3.1,-2.85,-3.04,-3.4,-3.65,-3.73,-3.66,-3.44,-3.21,-3.01,-2.91,-2.9,-2.93,-2.95,-2.91,-2.83,-2.68,-2.49,-2.26,-2.05,-1.84,-1.65,-1.47,-1.27,-1.08,-0.9,-0.75,-0.65,-0.6,-0.6,-0.62,-0.63,-0.63,-0.58,-0.49,-0.36,-0.2,-0.05,0.11,0.27,0.43,0.57,0.71,0.82,0.9,1.02,1.18,1.34,1.48,1.61,1.77,1.98,2.23,2.44,2.61,2.68,2.71,2.64,2.65,2.74,2.85,2.95,3.02,3.08,3.13,3.18,3.22,3.29,3.34
-6.8,-6.67,-6.57,-6.45,-6.33,-6.17,-6.09,-6.18,-6.41,-6.18,-5.05,-3.05,-1.29,-1.32,-3.01,-4.85,-4.84,-4.23,-4.08,-3.96,-3.6,-3.24,-3.11,-3.12,-3.15,-3.15,-3.11,-3.01,-2.88,-2.72,-2.57,-2.45,-2.32,-2.13,-1.88,-1.63,-1.41,-1.29,-1.23,-1.2,-1.18,-1.16,-1.12,-1.06,-0.99,-0.9,-0.8,-0.67,-0.52,-0.35,-0.17,0.01,0.2,0.39,0.58,0.78,0.97,1.15,1.33,1.52,1.64,1.8,1.98,2.09,2.2,2.31,2.46,2.6,2.75,2.88,3.02,3.17,3.37,3.38,3.44,3.5,3.58,3.62,3.63,3.63,3.6,3.58
-6.29,-6.14,-6.03,-5.97,-5.96,-5.98,-6.01,-5.96,-5.84,-5.92,-6.2,-5.91,-4.6,-2.5,-1.53,-1.91,-3.26,-4.85,-4.87,-3.57,-2.89,-2.61,-2.65,-3.19,-3.6,-3.51,-3.26,-3.13,-3.02,-2.89,-2.78,-2.73,-2.75,-2.79,-2.78,-2.62,-2.3,-1.96,-1.71,-1.56,-1.44,-1.35,-1.29,-1.24,-1.21,-1.16,-1.09,-0.98,-0.85,-0.71,-0.55,-0.35,-0.14,0.08,0.32,0.56,0.84,1.12,1.4,1.66,1.91,2.15,2.33,2.48,2.53,2.56,2.68,2.86,3.06,3.25,3.39,3.48,3.47,3.4,3.42,3.52,3.62,3.71,3.77,3.81,3.78,3.72
-5.69,-5.59,-5.5,-5.48,-5.55,-5.74,-6.04,-6.35,-6.51,-6.12,-4.87,-3.24,-1.99,-2.07,-3.13,-3.92,-3.64,-2.35,-0.73,0.29,0.17,-0.9,-2.28,-3.33,-3.82,-3.83,-3.59,-3.28,-3.15,-3.18,-3.29,-3.4,-3.47,-3.48,-3.38,-3.06,-2.51,-1.82,-1.2,-0.84,-0.78,-0.89,-1.01,-0.94,-0.66,-0.22,0.29,0.72,1.07,1.4,1.71,1.99,2.19,2.33,2.44,2.54,2.71,3.0,3.28,3.51,3.66,3.66,3.5,3.3,3.08,3.09,3.12,3.22,3.31,3.35,3.39,3.42,3.5,3.61,3.61,3.63,3.65,3.7,3.74,3.91,4.05,4.01
-5.43,-5.28,-5.14,-5.16,-5.4,-5.77,-6.11,-6.12,-5.86,-5.17,-4.34,-3.88,-4.08,-4.6,-4.61,-3.57,-2.67,-2.27,-2.39,-2.58,-2.45,-2.18,-2.14,-2.14,-2.0,-1.89,-1.73,-1.64,-1.84,-2.31,-2.85,-3.23,-3.32,-3.05,-2.46,-1.65,-0.9,-0.42,-0.19,-0.13,-0.16,-0.15,0.09,0.7,1.52,2.14,2.36,2.26,2.07,1.98,1.99,2.0,1.97,1.93,2.05,2.34,2.66,2.88,2.94,2.92,2.94,2.88,2.75,2.71,2.64,2.64,2.86,3.07,3.09,2.99,2.91,3.0,3.14,3.29,3.37,3.34,3.44,3.72,4.16,4.62,4.91,5.0
-5.75,-5.79,-5.94,-5.87,-5.73,-5.49,-5.18,-4.85,-4.54,-4.19,-3.86,-3.81,-4.02,-4.27,-4.29,-3.81,-3.35,-2.79,-2.33,-2.3,-2.59,-2.71,-2.39,-2.3,-2.07,-1.49,-0.84,-0.59,-0.75,-1.51,-3.02,-4.63,-4.19,-2.42,-1.47,-1.45,-1.16,-0.56,-0.12,0.14,0.48,0.86,1.12,1.29,1.4,1.49,1.55,1.59,1.63,1.67,1.66,1.62,1.55,1.47,1.47,1.61,1.84,2.03,1.91,1.72,1.76,1.83,1.89,1.9,2.01,2.19,2.28,2.35,2.56,2.72,2.93,3.12,3.5,3.92,4.22,4.32,4.5,4.72,4.98,5.08,5.07,5.01
-7.17,-7.04,-6.64,-6.2,-5.75,-5.35,-4.97,-4.96,-5.32,-5.72,-5.61,-5.22,-4.82,-4.59,-3.82,-2.96,-2.64,-2.52,-2.57,-2.78,-2.38,-1.76,-1.15,-0.3,0.22,0.22,0.41,0.78,0.15,-1.93,-3.99,-4.52,-3.44,-2.02,-1.35,-0.8,0.24,1.18,1.49,1.3,0.87,0.53,0.54,0.77,0.96,1.02,1.04,1.01,0.87,0.68,0.48,0.25,-0.02,-0.11,0.11,0.33,0.21,-0.14,-0.45,-0.36,-0.11,0.07,0.32,0.84,1.39,1.86,2.29,2.72,3.08,3.5,4.01,4.47,4.81,5.1,5.48,5.88,6.18,6.21,6.16,5.97,5.77,5.52
-8.12,-7.76,-7.31,-7.09,-6.91,-6.24,-5.45,-5.41,-5.23,-4.8,-4.67,-4.29,-3.8,-3.03,-2.26,-2.12,-2.18,-2.12,-2.13,-2.02,-1.6,-1.38,-0.89,-0.05,-0.07,-0.87,-1.28,-1.33,-1.47,-1.65,-1.58,-1.32,-0.78,0.18,1.08,1.46,1.45,1.27,0.92,0.37,-0.06,-0.14,-0.05,-0.08,-0.2,-0.23,-0.37,-0.73,-1.1,-1.27,-1.29,-1.39,-1.57,-1.73,-1.85,-1.91,-1.84,-1.68,-1.45,-1.06,-0.39,0.45,1.21,1.81,2.39,3.03,3.72,4.38,4.96,5.39,5.82,6.21,6.55,6.72,6.71,6.62,6.49,6.14,5.78,5.56,5.32,4.71
-7.8,-7.89,-7.38,-7.11,-7.39,-6.78,-5.82,-5.27,-4.81,-4.18,-3.44,-2.5,-1.58,-1.22,-1.41,-1.77,-1.98,-1.93,-1.63,-1.32,-1.15,-0.94,-0.74,-0.93,-1.47,-1.72,-1.72,-1.66,-1.51,-1.25,-1.03,-0.86,-0.63,-0.28,-0.02,-0.01,-0.16,-0.32,-0.35,-0.24,-0.17,-0.36,-0.62,-0.9,-1.18,-1.34,-1.49,-1.93,-2.22,-2.26,-2.4,-2.59,-2.66,-2.65,-2.66,-2.6,-2.27,-1.66,-0.9,-0.07,0.72,1.61,2.67,3.7,4.58,5.32,5.94,6.47,6.72,6.72,6.73,6.7,6.53,6.32,6.14,5.97,5.66,5.27,4.92,4.59,4.15,3.58
-7.98,-6.38,-5.53,-4.4,-3.14,-2.79,-3.5,-3.97,-3.61,-3.05,-2.54,-1.95,-1.62,-1.77,-1.95,-1.99,-1.97,-1.88,-1.9,-1.85,-2.03,-2.26,-2.17,-2.14,-1.8,-1.88,-2.04,-2.15,-2.2,-2.11,-2.0,-1.91,-1.98,-1.87,-1.8,-1.69,-1.52,-1.39,-1.36,-1.26,-1.19,-1.26,-1.43,-1.35,-1.54,-2.05,-1.96,-3.11,-3.74,-3.3,-2.5,-1.95,-1.71,-1.71,-1.9,-1.88,-1.39,-0.75,-0.14,1.02,2.67,3.88,4.7,5.51,6.08,5.29,5.64,7.05,7.7,7.71,7.44,6.84,6.09,5.6,5.25,4.91,4.46,4.11,3.75,3.39,2.9,2.57
-6.34,-6.39,-5.54,-5.5,-5.53,-5.39,-4.96,-4.34,-3.59,-2.65,-1.83,-1.55,-1.45,-1.2,-1.12,-1.51,-1.98,-2.15,-2.14,-2.06,-2.15,-2.64,-2.52,-2.4,-3.65,-4.8,-3.07,-0.58,-0.14,-1.03,-1.72,-2.01,-2.32,-2.43,-2.36,-2.23,-1.94,-1.8,-2.0,-2.15,-2.1,-1.26,-1.12,-1.53,-1.72,-1.79,-0.91,-1.51,-2.46,-3.05,-2.43,-1.58,-0.88,-0.99,-1.26,-1.11,-1.08,-0.84,0.09,1.58,3.37,4.43,4.85,5.42,6.04,6.47,5.18,5.74,6.47,6.45,6.54,6.84,5.87,4.86,4.06,3.76,3.77,3.71,3.2,2.48,2.03,1.89
-7.28,-7.21,-6.66,-6.68,-6.69,-6.83,-7.65,-5.14,-4.01,-3.97,-2.48,-1.87,-1.59,-1.63,-1.94,-2.19,-2.48,-2.45,-2.57,-3.07,-2.83,-3.07,-4.04,-4.03,-3.66,-3.28,-0.5,0.42,-0.98,-2.18,-2.57,-2.77,-3.1,-3.27,-3.26,-3.18,-3.2,-3.0,-2.67,-2.5,-2.55,-2.49,-2.57,-2.66,-2.64,-2.26,-1.59,0.11,0.58,-0.03,-1.88,-1.86,-0.94,-1.41,-2.08,-1.88,-1.88,-1.8,-1.48,-0.5,2.18,3.23,3.91,4.27,4.94,5.96,4.71,5.45,6.38,6.91,6.05,4.67,4.99,4.01,3.46,3.0,3.0,3.32,3.81,3.02,2.0,2.18
-7.7,-7.64,-7.67,-7.83,-8.5,-7.69,-4.91,-4.07,-2.47,-1.58,-0.61,-1.06,-2.03,-1.31,-1.41,-2.5,-2.35,-2.95,-3.26,-2.89,-3.34,-4.4,-4.76,-3.76,-1.6,-0.07,-1.53,-2.39,-2.63,-2.97,-3.23,-3.31,-3.36,-3.31,-3.16,-3.01,-2.56,-1.91,-1.83,-2.25,-2.77,-2.91,-3.32,-2.91,-1.37,1.02,2.34,2.05,0.68,-0.82,-0.75,-0.65,-1.13,-0.49,0.3,1.1,0.79,0.13,0.5,0.82,1.5,2.35,2.7,2.83,3.11,2.63,2.79,3.17,3.68,3.86,4.0,4.07,3.85,3.54,3.29,3.32,3.04,3.45,4.78,3.73,1.23,0.98
-7.68,-7.84,-7.96,-8.28,-8.02,-5.1,-2.87,-2.98,-2.1,-1.95,-2.2,-1.6,-1.23,-0.41,-0.5,-0.93,0.06,0.77,-1.38,-3.92,-4.29,-4.48,-4.59,-4.66,-4.48,-3.59,-3.95,-3.84,-3.57,-3.81,-3.91,-3.64,-3.68,-3.58,-3.29,-2.69,-2.1,-2.34,-2.64,-2.2,-2.56,-4.15,-3.35,-1.1,-0.41,0.49,1.7,2.63,2.86,2.4,1.56,1.2,1.7,1.89,2.45,4.07,3.2,1.49,0.9,1.49,2.07,2.22,1.98,2.27,2.56,2.36,1.78,2.16,3.44,3.3,3.16,3.04,3.37,3.2,2.29,2.57,3.22,2.04,1.43,2.5,1.46,0.24
-6.34,-6.43,-6.44,-5.95,-4.73,-4.3,-3.08,-1.13,-1.44,-2.27,-1.1,-0.23,-1.14,0.25,1.37,1.57,0.78,-0.68,-2.16,-4.05,-4.97,-5.2,-5.28,-5.56,-5.03,-4.33,-3.81,-3.66,-3.85,-3.21,-2.72,-2.73,-3.04,-2.91,-2.2,-2.0,-1.63,-1.41,-1.64,-2.29,-3.44,-3.44,-1.6,-0.14,0.37,1.01,1.77,1.58,1.75,2.3,1.06,1.63,2.7,2.97,3.28,4.66,4.09,3.53,1.9,1.85,1.71,3.25,3.65,1.74,1.97,0.72,-0.87,0.14,1.94,2.13,2.03,2.17,2.69,3.22,3.03,2.69,1.93,1.79,1.11,1.48,1.11,-0.05
-5.71,-5.55,-4.9,-4.59,-4.25,-3.79,-3.01,-1.88,-0.97,-0.57,0.28,-0.26,0.47,0.92,0.2,-0.05,-0.86,-2.0,-3.42,-3.95,-5.23,-5.35,-5.26,-4.74,-4.97,-4.79,-3.89,-3.31,-3.22,-2.7,-1.83,-1.78,-1.92,0.19,0.86,0.0,-0.49,-0.17,0.18,-0.07,0.69,1.83,2.67,2.73,2.57,0.33,1.78,4.6,4.81,4.47,4.32,3.67,2.55,3.27,4.35,4.06,4.39,2.53,2.17,1.37,2.4,2.38,0.23,-0.16,1.15,0.96,0.95,2.26,3.39,3.09,2.23,3.35,2.51,3.28,3.52,2.45,2.31,1.81,1.4,1.38,1.61,1.88
-6.2,-5.75,-5.25,-4.76,-4.48,-4.07,-3.14,-1.52,-0.65,-0.38,-0.14,-0.02,-0.15,-0.36,0.12,-0.15,-1.44,-2.53,-3.4,-4.05,-3.97,-3.77,-3.9,-3.8,-3.5,-2.3,-0.61,0.15,0.95,1.29,1.7,1.58,1.23,0.63,0.11,-0.04,-0.51,-0.82,-1.42,-1.04,0.8,2.99,4.1,5.95,5.3,4.0,3.18,5.07,4.93,3.8,2.76,2.61,3.05,3.97,4.95,4.35,2.76,2.16,0.92,2.08,2.47,2.23,1.47,2.07,1.43,0.34,0.32,0.32,0.91,2.8,2.42,1.79,1.52,1.1,1.63,0.98,0.31,0.3,1.23,1.52,1.35,1.05
-5.78,-4.35,-3.4,-3.17,-2.14,-0.81,0.07,1.17,1.88,1.42,0.97,0.21,0.11,0.2,0.17,-0.3,-1.67,-2.36,-3.27,-3.11,-2.94,-2.61,-2.1,-1.33,0.46,2.76,3.08,2.11,1.8,1.01,1.42,2.15,1.15,-0.36,-1.49,-1.42,-0.92,-1.49,-0.74,1.17,2.49,2.87,3.15,3.59,3.49,3.3,2.82,2.26,1.63,1.75,1.37,1.19,3.05,3.02,3.13,3.26,3.68,1.73,0.93,2.21,2.24,1.41,1.05,-0.16,0.55,0.52,0.86,1.61,1.66,1.44,1.88,2.12,1.19,1.27,2.2,2.65,3.1,2.33,2.19,1.83,1.79,0.52
-2.85,-2.08,-1.75,-1.4,-1.28,-0.37,1.3,3.01,3.39,3.47,3.21,2.65,1.13,0.38,-0.06,-0.27,-0.48,-1.42,-2.23,-2.02,-1.63,-2.06,-1.43,-1.06,-0.31,0.24,0.37,0.83,1.33,1.71,2.56,1.95,1.26,0.48,-0.18,-0.66,-0.45,-1.31,-0.82,1.47,3.04,2.94,3.64,4.66,3.85,2.08,2.1,2.01,1.97,2.15,2.37,2.74,2.66,2.43,0.82,0.48,1.75,3.0,2.64,0.76,0.08,-0.05,-0.12,0.69,0.63,0.8,0.32,0.88,1.03,1.25,1.88,2.44,2.19,2.23,2.55,2.72,2.65,2.59,1.89,1.2,0.76,1.08
-1.71,-0.9,-0.65,-0.16,0.16,0.68,1.41,2.52,3.5,3.87,3.33,2.6,1.97,0.95,0.12,-0.84,-1.54,-1.71,-1.08,-1.16,-1.52,-1.1,-0.61,-0.06,-0.13,0.08,0.44,0.36,0.08,0.16,0.76,2.12,1.9,0.96,-0.04,-0.48,-0.94,-1.06,-1.53,-0.04,2.02,2.37,2.1,2.43,3.52,5.05,5.31,5.23,5.48,4.83,5.11,5.23,5.41,5.43,3.92,2.32,2.32,2.27,2.05,0.34,1.26,0.04,-0.2,-0.62,0.45,0.66,1.02,0.75,1.93,1.49,2.43,2.25,2.57,2.52,2.51,2.21,2.05,2.38,-0.9,-1.63,0.85,0.09
-1.57,-1.31,-0.97,-0.75,-0.33,0.28,1.28,2.19,3.5,3.98,2.99,2.1,1.41,1.1,0.54,-0.39,-0.5,-1.31,-1.94,-1.92,-1.12,-0.76,-1.26,-1.59,-1.79,-1.75,-0.78,0.18,0.79,1.06,1.75,2.91,2.81,1.99,1.35,0.05,-1.47,-1.63,-1.56,-0.71,1.56,1.94,3.1,4.88,5.11,4.35,4.87,5.35,5.56,5.14,5.16,5.34,5.93,6.03,5.2,1.64,2.21,1.65,1.09,0.39,0.07,0.19,-0.48,0.53,1.08,0.02,0.41,1.6,0.94,1.9,1.92,3.27,3.04,2.07,1.12,0.66,0.09,-3.32,-1.83,0.01,-2.22,-2.16
-0.09,0.24,0.34,0.59,0.75,1.07,1.52,2.22,2.32,2.46,2.8,1.82,0.91,0.33,-0.12,-0.62,-0.58,-0.99,-1.22,-1.36,-1.65,-1.61,-1.64,-2.15,-1.64,0.42,1.02,0.39,0.57,1.39,2.48,3.38,2.27,0.89,-0.25,-2.05,-1.62,-1.36,-1.64,-0.87,-0.68,4.0,6.03,5.48,5.32,5.79,5.4,4.98,4.79,4.02,3.69,4.37,5.13,6.08,5.3,1.88,1.85,1.77,1.44,0.26,0.5,-0.44,-0.49,-0.5,0.13,-0.51,-2.11,-1.02,0.28,0.71,0.62,0.05,-0.39,-0.22,0.07,-0.85,-2.75,-3.47,-4.65,-5.78,0.48,0.92
0.47,0.69,0.85,1.07,1.41,1.72,1.85,1.63,1.34,0.98,0.74,0.69,0.02,-0.51,-0.52,-0.26,-0.52,-0.76,-1.72,-1.88,-2.07,-2.67,-2.49,0.36,1.69,1.45,0.88,1.53,3.0,2.55,2.5,1.69,0.75,-0.28,-0.69,-0.81,-1.0,-2.06,-1.45,-1.95,4.35,5.66,6.08,5.63,4.25,5.07,4.11,3.97,3.17,2.83,3.94,5.58,5.88,6.02,5.37,2.86,2.52,2.3,1.67,0.56,2.19,3.01,0.84,-0.25,-0.86,-0.26,0.43,-0.24,-1.29,-2.37,1.3,2.27,1.72,-0.88,-3.59,-3.84,-4.41,-6.67,-1.88,1.14,1.59,2.54
0.81,1.01,1.28,1.39,1.42,1.36,1.24,0.92,0.33,-0.21,-0.13,-0.29,-0.41,-0.2,0.12,-0.39,-0.87,-1.15,-1.06,-0.53,-0.71,-0.11,0.19,-0.18,-0.08,0.24,1.78,2.97,2.03,1.39,0.87,-0.27,-1.01,-0.92,0.23,0.32,0.05,-0.86,-1.75,3.29,6.93,6.6,6.43,7.98,7.69,5.09,6.71,4.52,4.46,3.13,3.53,4.37,4.63,5.2,4.54,2.91,2.85,2.81,1.55,3.46,0.87,-0.55,-1.66,-2.34,-2.89,-3.38,-3.31,-3.31,-3.68,-3.92,-2.31,-2.69,-3.95,-5.0,-5.87,-6.05,-3.51,-1.08,0.66,0.8,0.42,2.51
0.71,0.87,1.16,1.18,0.87,0.94,0.7,0.29,-0.2,-0.48,-0.57,-0.4,-0.07,-0.35,-0.23,-0.64,-0.48,-0.47,-1.24,-1.82,-1.6,-1.67,-1.23,-0.79,-0.4,0.55,2.77,1.83,1.02,0.43,-0.15,-0.6,-2.58,-1.36,-1.52,-1.82,1.38,0.32,2.26,2.51,4.67,6.07,4.94,6.3,4.83,4.48,4.62,4.21,2.96,1.85,1.14,2.16,3.5,4.03,4.64,3.63,2.7,1.76,-0.38,-1.19,-1.27,-2.18,-3.28,-3.97,-4.11,-4.85,-4.6,-5.56,-5.93,-5.23,-5.53,-6.55,-7.38,-8.4,-7.52,-1.42,-1.04,-0.17,2.22,-2.02,1.91,2.38
0.31,0.44,0.92,0.56,0.48,0.87,0.42,-0.06,-0.35,-0.31,-0.09,-0.23,-0.63,-0.07,0.04,-0.73,-1.17,-1.51,-1.37,-1.29,-1.78,-1.31,-1.1,-0.64,0.23,0.33,2.09,0.9,3.04,0.64,-0.68,-1.43,-0.87,-0.59,-0.01,0.29,1.95,1.28,1.22,1.51,1.39,3.17,3.09,4.3,4.14,3.2,3.15,3.26,1.55,1.4,2.74,2.9,3.98,4.07,3.8,1.82,-1.21,-2.05,-1.9,-2.34,-3.32,-3.86,-4.57,-5.33,-6.02,-6.45,-6.79,-7.12,-7.29,-7.46,-7.65,-7.94,-8.02,-6.41,-1.37,-1.1,1.45,1.24,-3.5,2.81,2.5,1.8
-0.23,0.2,0.18,-0.01,0.3,0.61,1.09,-0.26,-1.0,-0.49,-0.7,-0.66,-0.08,-0.57,-1.7,-2.29,-1.82,-2.54,-2.42,-2.74,-3.1,-2.78,-2.04,-1.44,-1.0,-1.6,-1.08,3.11,0.42,-0.24,-1.06,-1.29,0.08,1.11,1.22,0.32,-0.87,0.71,4.32,4.82,5.04,3.9,2.49,2.05,1.39,1.86,2.06,2.41,2.47,2.08,1.64,0.51,1.19,1.3,0.95,-2.36,-2.76,-3.81,-3.63,-3.55,-3.73,-4.49,-5.76,-6.49,-7.02,-7.48,-7.76,-7.87,-7.92,-8.01,-7.91,-7.57,-7.24,-5.0,-1.2,-0.33,1.13,0.78,2.98,-0.18,-0.08,2.02
-1.45,-1.05,-0.77,-0.37,-0.32,-0.78,-0.41,0.71,-0.97,-1.95,-2.23,-1.5,-0.38,0.52,0.6,-0.78,-3.5,-3.64,-4.39,-4.15,-3.26,-2.23,-1.86,-2.16,-2.12,-1.65,-1.3,0.28,-0.55,-1.82,-1.7,-1.71,0.54,1.11,0.15,-1.16,2.35,2.9,3.28,0.76,-0.15,2.07,2.43,3.37,4.88,3.16,2.7,2.91,1.59,0.12,0.42,-2.71,-2.62,1.92,-0.09,-3.08,-4.02,-3.26,-3.45,-6.0,-4.73,-4.7,-7.17,-7.63,-7.73,-7.91,-8.24,-8.28,-8.09,-7.54,-6.37,-5.1,-4.65,-4.27,-2.32,-0.32,-1.23,-0.01,-1.94,-1.26,-1.08,1.3
